1.068000000000000000e+03 2.140000000000000000e+02
1.074000000000000000e+03 2.140000000000000000e+02
1.080000000000000000e+03 2.140000000000000000e+02
1.085000000000000000e+03 2.140000000000000000e+02
1.091000000000000000e+03 2.140000000000000000e+02
1.097000000000000000e+03 2.140000000000000000e+02
1.114000000000000000e+03 2.180000000000000000e+02
1.120000000000000000e+03 2.180000000000000000e+02
1.125000000000000000e+03 2.180000000000000000e+02
1.131000000000000000e+03 2.180000000000000000e+02
1.137000000000000000e+03 2.180000000000000000e+02
1.148000000000000000e+03 2.210000000000000000e+02
1.148000000000000000e+03 2.250000000000000000e+02
1.148000000000000000e+03 2.290000000000000000e+02
1.154000000000000000e+03 2.370000000000000000e+02
1.154000000000000000e+03 2.410000000000000000e+02
1.154000000000000000e+03 2.450000000000000000e+02
1.154000000000000000e+03 2.490000000000000000e+02
1.160000000000000000e+03 2.600000000000000000e+02
1.160000000000000000e+03 2.640000000000000000e+02
1.160000000000000000e+03 2.680000000000000000e+02
1.154000000000000000e+03 2.800000000000000000e+02
1.154000000000000000e+03 2.840000000000000000e+02
1.154000000000000000e+03 2.880000000000000000e+02
1.154000000000000000e+03 2.910000000000000000e+02
1.148000000000000000e+03 2.990000000000000000e+02
1.142000000000000000e+03 3.030000000000000000e+02
1.137000000000000000e+03 3.070000000000000000e+02
1.125000000000000000e+03 3.110000000000000000e+02
1.114000000000000000e+03 3.150000000000000000e+02
1.108000000000000000e+03 3.150000000000000000e+02
1.102000000000000000e+03 3.150000000000000000e+02
1.091000000000000000e+03 3.190000000000000000e+02
1.080000000000000000e+03 3.230000000000000000e+02
1.074000000000000000e+03 3.230000000000000000e+02
1.062000000000000000e+03 3.270000000000000000e+02
1.057000000000000000e+03 3.270000000000000000e+02
1.051000000000000000e+03 3.270000000000000000e+02
1.034000000000000000e+03 3.300000000000000000e+02
1.028000000000000000e+03 3.300000000000000000e+02
1.017000000000000000e+03 3.340000000000000000e+02
1.005000000000000000e+03 3.380000000000000000e+02
1.000000000000000000e+03 3.380000000000000000e+02
9.880000000000000000e+02 3.420000000000000000e+02
9.770000000000000000e+02 3.460000000000000000e+02
9.650000000000000000e+02 3.500000000000000000e+02
9.540000000000000000e+02 3.540000000000000000e+02
9.480000000000000000e+02 3.580000000000000000e+02
9.370000000000000000e+02 3.620000000000000000e+02
9.310000000000000000e+02 3.650000000000000000e+02
9.250000000000000000e+02 3.690000000000000000e+02
9.140000000000000000e+02 3.730000000000000000e+02
9.080000000000000000e+02 3.730000000000000000e+02
8.970000000000000000e+02 3.770000000000000000e+02
8.850000000000000000e+02 3.810000000000000000e+02
8.800000000000000000e+02 3.810000000000000000e+02
8.680000000000000000e+02 3.850000000000000000e+02
8.620000000000000000e+02 3.850000000000000000e+02
8.570000000000000000e+02 3.850000000000000000e+02
8.450000000000000000e+02 3.890000000000000000e+02
8.400000000000000000e+02 3.890000000000000000e+02
8.280000000000000000e+02 3.930000000000000000e+02
8.220000000000000000e+02 3.930000000000000000e+02
8.110000000000000000e+02 3.970000000000000000e+02
8.050000000000000000e+02 3.970000000000000000e+02
7.940000000000000000e+02 4.000000000000000000e+02
7.880000000000000000e+02 4.000000000000000000e+02
7.820000000000000000e+02 4.000000000000000000e+02
7.770000000000000000e+02 4.000000000000000000e+02
7.600000000000000000e+02 4.040000000000000000e+02
7.540000000000000000e+02 4.040000000000000000e+02
7.480000000000000000e+02 4.040000000000000000e+02
7.420000000000000000e+02 4.040000000000000000e+02
7.370000000000000000e+02 4.040000000000000000e+02
7.310000000000000000e+02 4.040000000000000000e+02
7.250000000000000000e+02 4.040000000000000000e+02
7.200000000000000000e+02 4.040000000000000000e+02
7.020000000000000000e+02 4.080000000000000000e+02
6.970000000000000000e+02 4.080000000000000000e+02
6.910000000000000000e+02 4.080000000000000000e+02
6.850000000000000000e+02 4.080000000000000000e+02
6.800000000000000000e+02 4.080000000000000000e+02
6.740000000000000000e+02 4.080000000000000000e+02
6.680000000000000000e+02 4.080000000000000000e+02
6.620000000000000000e+02 4.080000000000000000e+02
6.570000000000000000e+02 4.080000000000000000e+02
6.510000000000000000e+02 4.080000000000000000e+02
6.450000000000000000e+02 4.080000000000000000e+02
6.400000000000000000e+02 4.080000000000000000e+02
6.340000000000000000e+02 4.080000000000000000e+02
6.280000000000000000e+02 4.080000000000000000e+02
6.220000000000000000e+02 4.080000000000000000e+02
6.050000000000000000e+02 4.040000000000000000e+02
6.000000000000000000e+02 4.040000000000000000e+02
5.940000000000000000e+02 4.040000000000000000e+02
5.880000000000000000e+02 4.040000000000000000e+02
5.820000000000000000e+02 4.040000000000000000e+02
5.770000000000000000e+02 4.040000000000000000e+02
5.710000000000000000e+02 4.040000000000000000e+02
5.650000000000000000e+02 4.040000000000000000e+02
5.600000000000000000e+02 4.040000000000000000e+02
5.420000000000000000e+02 4.000000000000000000e+02
5.370000000000000000e+02 4.000000000000000000e+02
5.310000000000000000e+02 4.000000000000000000e+02
5.200000000000000000e+02 3.970000000000000000e+02
5.140000000000000000e+02 3.970000000000000000e+02
5.020000000000000000e+02 3.930000000000000000e+02
4.970000000000000000e+02 3.930000000000000000e+02
4.910000000000000000e+02 3.930000000000000000e+02
4.800000000000000000e+02 3.890000000000000000e+02
4.740000000000000000e+02 3.890000000000000000e+02
4.620000000000000000e+02 3.850000000000000000e+02
4.570000000000000000e+02 3.850000000000000000e+02
4.510000000000000000e+02 3.810000000000000000e+02
4.450000000000000000e+02 3.770000000000000000e+02
4.400000000000000000e+02 3.690000000000000000e+02
4.340000000000000000e+02 3.650000000000000000e+02
4.280000000000000000e+02 3.620000000000000000e+02
4.220000000000000000e+02 3.580000000000000000e+02
4.170000000000000000e+02 3.540000000000000000e+02
4.110000000000000000e+02 3.460000000000000000e+02
4.050000000000000000e+02 3.380000000000000000e+02
4.000000000000000000e+02 3.340000000000000000e+02
3.940000000000000000e+02 3.270000000000000000e+02
3.880000000000000000e+02 3.230000000000000000e+02
3.820000000000000000e+02 3.190000000000000000e+02
3.770000000000000000e+02 3.150000000000000000e+02
3.710000000000000000e+02 3.070000000000000000e+02
3.600000000000000000e+02 3.030000000000000000e+02
3.540000000000000000e+02 2.990000000000000000e+02
3.480000000000000000e+02 2.950000000000000000e+02
3.420000000000000000e+02 2.910000000000000000e+02
3.370000000000000000e+02 2.880000000000000000e+02
3.310000000000000000e+02 2.800000000000000000e+02
3.250000000000000000e+02 2.720000000000000000e+02
3.250000000000000000e+02 2.680000000000000000e+02
3.310000000000000000e+02 2.600000000000000000e+02
3.370000000000000000e+02 2.560000000000000000e+02
3.420000000000000000e+02 2.530000000000000000e+02
3.540000000000000000e+02 2.490000000000000000e+02
3.600000000000000000e+02 2.490000000000000000e+02
3.650000000000000000e+02 2.490000000000000000e+02
3.710000000000000000e+02 2.490000000000000000e+02
3.880000000000000000e+02 2.530000000000000000e+02
3.940000000000000000e+02 2.530000000000000000e+02
4.000000000000000000e+02 2.530000000000000000e+02
4.050000000000000000e+02 2.530000000000000000e+02
4.220000000000000000e+02 2.560000000000000000e+02
4.280000000000000000e+02 2.560000000000000000e+02
4.400000000000000000e+02 2.600000000000000000e+02
4.510000000000000000e+02 2.640000000000000000e+02
4.570000000000000000e+02 2.640000000000000000e+02
4.620000000000000000e+02 2.640000000000000000e+02
4.740000000000000000e+02 2.680000000000000000e+02
4.800000000000000000e+02 2.680000000000000000e+02
4.850000000000000000e+02 2.680000000000000000e+02
4.910000000000000000e+02 2.680000000000000000e+02
4.970000000000000000e+02 2.680000000000000000e+02
5.020000000000000000e+02 2.680000000000000000e+02
5.080000000000000000e+02 2.680000000000000000e+02
5.250000000000000000e+02 2.640000000000000000e+02
5.310000000000000000e+02 2.640000000000000000e+02
5.370000000000000000e+02 2.640000000000000000e+02
5.420000000000000000e+02 2.640000000000000000e+02
5.600000000000000000e+02 2.600000000000000000e+02
5.650000000000000000e+02 2.600000000000000000e+02
5.710000000000000000e+02 2.600000000000000000e+02
5.770000000000000000e+02 2.600000000000000000e+02
5.820000000000000000e+02 2.600000000000000000e+02
5.880000000000000000e+02 2.600000000000000000e+02
5.940000000000000000e+02 2.600000000000000000e+02
6.000000000000000000e+02 2.600000000000000000e+02
6.170000000000000000e+02 2.560000000000000000e+02
6.220000000000000000e+02 2.560000000000000000e+02
6.340000000000000000e+02 2.530000000000000000e+02
6.400000000000000000e+02 2.530000000000000000e+02
6.510000000000000000e+02 2.490000000000000000e+02
6.570000000000000000e+02 2.490000000000000000e+02
6.620000000000000000e+02 2.490000000000000000e+02
6.740000000000000000e+02 2.450000000000000000e+02
6.850000000000000000e+02 2.410000000000000000e+02
6.910000000000000000e+02 2.410000000000000000e+02
6.970000000000000000e+02 2.410000000000000000e+02
7.020000000000000000e+02 2.410000000000000000e+02
7.080000000000000000e+02 2.410000000000000000e+02
7.250000000000000000e+02 2.370000000000000000e+02
7.310000000000000000e+02 2.370000000000000000e+02
7.370000000000000000e+02 2.370000000000000000e+02
7.420000000000000000e+02 2.370000000000000000e+02
7.600000000000000000e+02 2.330000000000000000e+02
7.650000000000000000e+02 2.330000000000000000e+02
7.710000000000000000e+02 2.330000000000000000e+02
7.770000000000000000e+02 2.330000000000000000e+02
7.880000000000000000e+02 2.290000000000000000e+02
7.940000000000000000e+02 2.290000000000000000e+02
8.000000000000000000e+02 2.290000000000000000e+02
8.050000000000000000e+02 2.290000000000000000e+02
8.110000000000000000e+02 2.290000000000000000e+02
8.170000000000000000e+02 2.290000000000000000e+02
8.220000000000000000e+02 2.290000000000000000e+02
8.280000000000000000e+02 2.290000000000000000e+02
8.340000000000000000e+02 2.290000000000000000e+02
8.400000000000000000e+02 2.290000000000000000e+02
8.450000000000000000e+02 2.290000000000000000e+02
8.510000000000000000e+02 2.290000000000000000e+02
8.570000000000000000e+02 2.290000000000000000e+02
8.620000000000000000e+02 2.290000000000000000e+02
8.800000000000000000e+02 2.250000000000000000e+02
8.850000000000000000e+02 2.250000000000000000e+02
8.910000000000000000e+02 2.250000000000000000e+02
8.970000000000000000e+02 2.250000000000000000e+02
9.140000000000000000e+02 2.210000000000000000e+02
9.200000000000000000e+02 2.210000000000000000e+02
9.250000000000000000e+02 2.210000000000000000e+02
9.420000000000000000e+02 2.180000000000000000e+02
9.480000000000000000e+02 2.180000000000000000e+02
9.540000000000000000e+02 2.180000000000000000e+02
9.600000000000000000e+02 2.180000000000000000e+02
9.650000000000000000e+02 2.180000000000000000e+02
9.710000000000000000e+02 2.180000000000000000e+02
9.770000000000000000e+02 2.180000000000000000e+02
9.820000000000000000e+02 2.180000000000000000e+02
9.880000000000000000e+02 2.180000000000000000e+02
9.940000000000000000e+02 2.180000000000000000e+02
1.000000000000000000e+03 2.180000000000000000e+02
1.005000000000000000e+03 2.180000000000000000e+02
1.011000000000000000e+03 2.180000000000000000e+02
1.017000000000000000e+03 2.180000000000000000e+02
1.022000000000000000e+03 2.180000000000000000e+02
1.028000000000000000e+03 2.180000000000000000e+02
1.034000000000000000e+03 2.180000000000000000e+02
1.040000000000000000e+03 2.180000000000000000e+02
1.045000000000000000e+03 2.180000000000000000e+02
1.051000000000000000e+03 2.180000000000000000e+02
1.068000000000000000e+03 2.140000000000000000e+02
