7.130000000000000000e+02 1.330000000000000000e+02
7.170000000000000000e+02 1.330000000000000000e+02
7.220000000000000000e+02 1.330000000000000000e+02
7.260000000000000000e+02 1.330000000000000000e+02
7.310000000000000000e+02 1.330000000000000000e+02
7.360000000000000000e+02 1.330000000000000000e+02
7.400000000000000000e+02 1.330000000000000000e+02
7.450000000000000000e+02 1.330000000000000000e+02
7.580000000000000000e+02 1.370000000000000000e+02
7.630000000000000000e+02 1.370000000000000000e+02
7.680000000000000000e+02 1.370000000000000000e+02
7.720000000000000000e+02 1.370000000000000000e+02
7.770000000000000000e+02 1.370000000000000000e+02
7.810000000000000000e+02 1.370000000000000000e+02
7.860000000000000000e+02 1.370000000000000000e+02
7.900000000000000000e+02 1.370000000000000000e+02
7.950000000000000000e+02 1.370000000000000000e+02
8.000000000000000000e+02 1.370000000000000000e+02
8.040000000000000000e+02 1.370000000000000000e+02
8.180000000000000000e+02 1.400000000000000000e+02
8.220000000000000000e+02 1.400000000000000000e+02
8.270000000000000000e+02 1.400000000000000000e+02
8.320000000000000000e+02 1.400000000000000000e+02
8.410000000000000000e+02 1.440000000000000000e+02
8.450000000000000000e+02 1.470000000000000000e+02
8.500000000000000000e+02 1.500000000000000000e+02
8.590000000000000000e+02 1.570000000000000000e+02
8.590000000000000000e+02 1.610000000000000000e+02
8.640000000000000000e+02 1.640000000000000000e+02
8.640000000000000000e+02 1.680000000000000000e+02
8.640000000000000000e+02 1.710000000000000000e+02
8.640000000000000000e+02 1.740000000000000000e+02
8.640000000000000000e+02 1.780000000000000000e+02
8.590000000000000000e+02 1.880000000000000000e+02
8.540000000000000000e+02 1.920000000000000000e+02
8.540000000000000000e+02 1.950000000000000000e+02
8.540000000000000000e+02 1.980000000000000000e+02
8.540000000000000000e+02 2.020000000000000000e+02
8.540000000000000000e+02 2.050000000000000000e+02
8.540000000000000000e+02 2.090000000000000000e+02
8.500000000000000000e+02 2.190000000000000000e+02
8.450000000000000000e+02 2.220000000000000000e+02
8.450000000000000000e+02 2.260000000000000000e+02
8.450000000000000000e+02 2.290000000000000000e+02
8.450000000000000000e+02 2.330000000000000000e+02
8.450000000000000000e+02 2.360000000000000000e+02
8.410000000000000000e+02 2.430000000000000000e+02
8.360000000000000000e+02 2.500000000000000000e+02
8.320000000000000000e+02 2.530000000000000000e+02
8.270000000000000000e+02 2.570000000000000000e+02
8.220000000000000000e+02 2.600000000000000000e+02
8.180000000000000000e+02 2.670000000000000000e+02
8.130000000000000000e+02 2.700000000000000000e+02
8.090000000000000000e+02 2.740000000000000000e+02
8.040000000000000000e+02 2.810000000000000000e+02
8.000000000000000000e+02 2.840000000000000000e+02
7.950000000000000000e+02 2.880000000000000000e+02
7.900000000000000000e+02 2.940000000000000000e+02
7.900000000000000000e+02 2.980000000000000000e+02
7.860000000000000000e+02 3.050000000000000000e+02
7.810000000000000000e+02 3.120000000000000000e+02
7.810000000000000000e+02 3.150000000000000000e+02
7.770000000000000000e+02 3.220000000000000000e+02
7.720000000000000000e+02 3.250000000000000000e+02
7.680000000000000000e+02 3.290000000000000000e+02
7.630000000000000000e+02 3.320000000000000000e+02
7.580000000000000000e+02 3.360000000000000000e+02
7.540000000000000000e+02 3.390000000000000000e+02
7.490000000000000000e+02 3.420000000000000000e+02
7.450000000000000000e+02 3.490000000000000000e+02
7.400000000000000000e+02 3.530000000000000000e+02
7.360000000000000000e+02 3.560000000000000000e+02
7.310000000000000000e+02 3.630000000000000000e+02
7.260000000000000000e+02 3.660000000000000000e+02
7.220000000000000000e+02 3.660000000000000000e+02
7.170000000000000000e+02 3.700000000000000000e+02
7.130000000000000000e+02 3.730000000000000000e+02
7.040000000000000000e+02 3.770000000000000000e+02
6.990000000000000000e+02 3.800000000000000000e+02
6.940000000000000000e+02 3.800000000000000000e+02
6.850000000000000000e+02 3.840000000000000000e+02
6.760000000000000000e+02 3.870000000000000000e+02
6.720000000000000000e+02 3.870000000000000000e+02
6.670000000000000000e+02 3.870000000000000000e+02
6.530000000000000000e+02 3.900000000000000000e+02
6.490000000000000000e+02 3.900000000000000000e+02
6.440000000000000000e+02 3.900000000000000000e+02
6.350000000000000000e+02 3.940000000000000000e+02
6.300000000000000000e+02 3.940000000000000000e+02
6.260000000000000000e+02 3.940000000000000000e+02
6.210000000000000000e+02 3.940000000000000000e+02
6.170000000000000000e+02 3.940000000000000000e+02
6.120000000000000000e+02 3.940000000000000000e+02
6.080000000000000000e+02 3.940000000000000000e+02
6.030000000000000000e+02 3.940000000000000000e+02
5.980000000000000000e+02 3.940000000000000000e+02
5.940000000000000000e+02 3.940000000000000000e+02
5.890000000000000000e+02 3.940000000000000000e+02
5.850000000000000000e+02 3.940000000000000000e+02
5.800000000000000000e+02 3.940000000000000000e+02
5.760000000000000000e+02 3.940000000000000000e+02
5.710000000000000000e+02 3.940000000000000000e+02
5.660000000000000000e+02 3.940000000000000000e+02
5.620000000000000000e+02 3.940000000000000000e+02
5.570000000000000000e+02 3.940000000000000000e+02
5.530000000000000000e+02 3.940000000000000000e+02
5.480000000000000000e+02 3.940000000000000000e+02
5.440000000000000000e+02 3.940000000000000000e+02
5.390000000000000000e+02 3.940000000000000000e+02
5.340000000000000000e+02 3.940000000000000000e+02
5.300000000000000000e+02 3.940000000000000000e+02
5.250000000000000000e+02 3.940000000000000000e+02
5.210000000000000000e+02 3.940000000000000000e+02
5.160000000000000000e+02 3.940000000000000000e+02
5.120000000000000000e+02 3.940000000000000000e+02
5.070000000000000000e+02 3.940000000000000000e+02
5.020000000000000000e+02 3.940000000000000000e+02
4.980000000000000000e+02 3.940000000000000000e+02
4.930000000000000000e+02 3.940000000000000000e+02
4.890000000000000000e+02 3.940000000000000000e+02
4.840000000000000000e+02 3.940000000000000000e+02
4.800000000000000000e+02 3.940000000000000000e+02
4.660000000000000000e+02 3.900000000000000000e+02
4.610000000000000000e+02 3.900000000000000000e+02
4.570000000000000000e+02 3.900000000000000000e+02
4.480000000000000000e+02 3.870000000000000000e+02
4.430000000000000000e+02 3.870000000000000000e+02
4.380000000000000000e+02 3.870000000000000000e+02
4.340000000000000000e+02 3.870000000000000000e+02
4.290000000000000000e+02 3.870000000000000000e+02
4.200000000000000000e+02 3.840000000000000000e+02
4.110000000000000000e+02 3.800000000000000000e+02
4.020000000000000000e+02 3.770000000000000000e+02
3.970000000000000000e+02 3.700000000000000000e+02
3.930000000000000000e+02 3.660000000000000000e+02
3.880000000000000000e+02 3.630000000000000000e+02
3.840000000000000000e+02 3.560000000000000000e+02
3.790000000000000000e+02 3.530000000000000000e+02
3.740000000000000000e+02 3.460000000000000000e+02
3.740000000000000000e+02 3.420000000000000000e+02
3.700000000000000000e+02 3.360000000000000000e+02
3.650000000000000000e+02 3.290000000000000000e+02
3.650000000000000000e+02 3.250000000000000000e+02
3.650000000000000000e+02 3.220000000000000000e+02
3.650000000000000000e+02 3.180000000000000000e+02
3.610000000000000000e+02 3.080000000000000000e+02
3.610000000000000000e+02 3.050000000000000000e+02
3.560000000000000000e+02 2.980000000000000000e+02
3.560000000000000000e+02 2.940000000000000000e+02
3.520000000000000000e+02 2.880000000000000000e+02
3.520000000000000000e+02 2.840000000000000000e+02
3.470000000000000000e+02 2.770000000000000000e+02
3.470000000000000000e+02 2.740000000000000000e+02
3.420000000000000000e+02 2.700000000000000000e+02
3.380000000000000000e+02 2.640000000000000000e+02
3.330000000000000000e+02 2.600000000000000000e+02
3.290000000000000000e+02 2.530000000000000000e+02
3.240000000000000000e+02 2.500000000000000000e+02
3.200000000000000000e+02 2.460000000000000000e+02
3.150000000000000000e+02 2.430000000000000000e+02
3.100000000000000000e+02 2.400000000000000000e+02
3.060000000000000000e+02 2.360000000000000000e+02
3.010000000000000000e+02 2.330000000000000000e+02
2.920000000000000000e+02 2.290000000000000000e+02
2.880000000000000000e+02 2.260000000000000000e+02
2.830000000000000000e+02 2.220000000000000000e+02
2.740000000000000000e+02 2.190000000000000000e+02
2.650000000000000000e+02 2.160000000000000000e+02
2.560000000000000000e+02 2.120000000000000000e+02
2.510000000000000000e+02 2.120000000000000000e+02
2.420000000000000000e+02 2.090000000000000000e+02
2.370000000000000000e+02 2.090000000000000000e+02
2.330000000000000000e+02 2.090000000000000000e+02
2.280000000000000000e+02 2.090000000000000000e+02
2.240000000000000000e+02 2.090000000000000000e+02
2.190000000000000000e+02 2.090000000000000000e+02
2.140000000000000000e+02 2.090000000000000000e+02
2.100000000000000000e+02 2.090000000000000000e+02
1.960000000000000000e+02 2.050000000000000000e+02
1.920000000000000000e+02 2.050000000000000000e+02
1.870000000000000000e+02 2.050000000000000000e+02
1.820000000000000000e+02 2.050000000000000000e+02
1.780000000000000000e+02 2.050000000000000000e+02
1.640000000000000000e+02 2.020000000000000000e+02
1.600000000000000000e+02 1.980000000000000000e+02
1.550000000000000000e+02 1.950000000000000000e+02
1.500000000000000000e+02 1.920000000000000000e+02
1.460000000000000000e+02 1.850000000000000000e+02
1.460000000000000000e+02 1.810000000000000000e+02
1.460000000000000000e+02 1.780000000000000000e+02
1.460000000000000000e+02 1.740000000000000000e+02
1.460000000000000000e+02 1.710000000000000000e+02
1.500000000000000000e+02 1.640000000000000000e+02
1.550000000000000000e+02 1.610000000000000000e+02
1.600000000000000000e+02 1.570000000000000000e+02
1.690000000000000000e+02 1.540000000000000000e+02
1.730000000000000000e+02 1.540000000000000000e+02
1.820000000000000000e+02 1.500000000000000000e+02
1.870000000000000000e+02 1.500000000000000000e+02
1.960000000000000000e+02 1.470000000000000000e+02
2.010000000000000000e+02 1.470000000000000000e+02
2.050000000000000000e+02 1.470000000000000000e+02
2.100000000000000000e+02 1.470000000000000000e+02
2.140000000000000000e+02 1.470000000000000000e+02
2.190000000000000000e+02 1.470000000000000000e+02
2.240000000000000000e+02 1.470000000000000000e+02
2.280000000000000000e+02 1.470000000000000000e+02
2.330000000000000000e+02 1.470000000000000000e+02
2.370000000000000000e+02 1.470000000000000000e+02
2.420000000000000000e+02 1.470000000000000000e+02
2.460000000000000000e+02 1.470000000000000000e+02
2.510000000000000000e+02 1.470000000000000000e+02
2.560000000000000000e+02 1.470000000000000000e+02
2.600000000000000000e+02 1.470000000000000000e+02
2.650000000000000000e+02 1.470000000000000000e+02
2.690000000000000000e+02 1.470000000000000000e+02
2.740000000000000000e+02 1.470000000000000000e+02
2.780000000000000000e+02 1.470000000000000000e+02
2.830000000000000000e+02 1.470000000000000000e+02
2.880000000000000000e+02 1.470000000000000000e+02
2.920000000000000000e+02 1.470000000000000000e+02
2.970000000000000000e+02 1.470000000000000000e+02
3.010000000000000000e+02 1.470000000000000000e+02
3.060000000000000000e+02 1.470000000000000000e+02
3.100000000000000000e+02 1.470000000000000000e+02
3.240000000000000000e+02 1.500000000000000000e+02
3.290000000000000000e+02 1.500000000000000000e+02
3.380000000000000000e+02 1.540000000000000000e+02
3.420000000000000000e+02 1.540000000000000000e+02
3.470000000000000000e+02 1.540000000000000000e+02
3.520000000000000000e+02 1.540000000000000000e+02
3.560000000000000000e+02 1.540000000000000000e+02
3.610000000000000000e+02 1.540000000000000000e+02
3.740000000000000000e+02 1.570000000000000000e+02
3.790000000000000000e+02 1.570000000000000000e+02
3.840000000000000000e+02 1.570000000000000000e+02
3.880000000000000000e+02 1.570000000000000000e+02
3.930000000000000000e+02 1.570000000000000000e+02
4.020000000000000000e+02 1.610000000000000000e+02
4.110000000000000000e+02 1.640000000000000000e+02
4.160000000000000000e+02 1.640000000000000000e+02
4.250000000000000000e+02 1.680000000000000000e+02
4.290000000000000000e+02 1.680000000000000000e+02
4.340000000000000000e+02 1.680000000000000000e+02
4.430000000000000000e+02 1.710000000000000000e+02
4.480000000000000000e+02 1.710000000000000000e+02
4.570000000000000000e+02 1.740000000000000000e+02
4.610000000000000000e+02 1.740000000000000000e+02
4.660000000000000000e+02 1.740000000000000000e+02
4.700000000000000000e+02 1.740000000000000000e+02
4.840000000000000000e+02 1.780000000000000000e+02
4.890000000000000000e+02 1.780000000000000000e+02
4.930000000000000000e+02 1.780000000000000000e+02
4.980000000000000000e+02 1.780000000000000000e+02
5.020000000000000000e+02 1.780000000000000000e+02
5.070000000000000000e+02 1.780000000000000000e+02
5.120000000000000000e+02 1.780000000000000000e+02
5.160000000000000000e+02 1.780000000000000000e+02
5.210000000000000000e+02 1.780000000000000000e+02
5.250000000000000000e+02 1.780000000000000000e+02
5.390000000000000000e+02 1.740000000000000000e+02
5.480000000000000000e+02 1.710000000000000000e+02
5.530000000000000000e+02 1.710000000000000000e+02
5.620000000000000000e+02 1.680000000000000000e+02
5.710000000000000000e+02 1.640000000000000000e+02
5.800000000000000000e+02 1.610000000000000000e+02
5.850000000000000000e+02 1.610000000000000000e+02
5.890000000000000000e+02 1.610000000000000000e+02
5.940000000000000000e+02 1.610000000000000000e+02
6.030000000000000000e+02 1.570000000000000000e+02
6.080000000000000000e+02 1.570000000000000000e+02
6.170000000000000000e+02 1.540000000000000000e+02
6.210000000000000000e+02 1.540000000000000000e+02
6.300000000000000000e+02 1.500000000000000000e+02
6.350000000000000000e+02 1.500000000000000000e+02
6.440000000000000000e+02 1.470000000000000000e+02
6.490000000000000000e+02 1.470000000000000000e+02
6.530000000000000000e+02 1.470000000000000000e+02
6.620000000000000000e+02 1.440000000000000000e+02
6.670000000000000000e+02 1.440000000000000000e+02
6.760000000000000000e+02 1.400000000000000000e+02
6.810000000000000000e+02 1.400000000000000000e+02
6.900000000000000000e+02 1.370000000000000000e+02
6.940000000000000000e+02 1.370000000000000000e+02
6.990000000000000000e+02 1.370000000000000000e+02
7.040000000000000000e+02 1.370000000000000000e+02
7.130000000000000000e+02 1.330000000000000000e+02
