4.280000000000000000e+02 1.980000000000000000e+02
4.340000000000000000e+02 1.980000000000000000e+02
4.400000000000000000e+02 1.980000000000000000e+02
4.450000000000000000e+02 1.980000000000000000e+02
4.510000000000000000e+02 1.980000000000000000e+02
4.570000000000000000e+02 1.980000000000000000e+02
4.620000000000000000e+02 1.980000000000000000e+02
4.680000000000000000e+02 1.980000000000000000e+02
4.740000000000000000e+02 1.980000000000000000e+02
4.800000000000000000e+02 1.980000000000000000e+02
4.850000000000000000e+02 1.980000000000000000e+02
4.910000000000000000e+02 1.980000000000000000e+02
4.970000000000000000e+02 1.980000000000000000e+02
5.020000000000000000e+02 1.980000000000000000e+02
5.080000000000000000e+02 1.980000000000000000e+02
5.140000000000000000e+02 1.980000000000000000e+02
5.200000000000000000e+02 1.980000000000000000e+02
5.370000000000000000e+02 2.020000000000000000e+02
5.420000000000000000e+02 2.020000000000000000e+02
5.480000000000000000e+02 2.020000000000000000e+02
5.540000000000000000e+02 2.020000000000000000e+02
5.600000000000000000e+02 2.020000000000000000e+02
5.650000000000000000e+02 2.020000000000000000e+02
5.710000000000000000e+02 2.020000000000000000e+02
5.770000000000000000e+02 2.020000000000000000e+02
5.820000000000000000e+02 2.020000000000000000e+02
5.880000000000000000e+02 2.020000000000000000e+02
6.050000000000000000e+02 2.060000000000000000e+02
6.110000000000000000e+02 2.060000000000000000e+02
6.170000000000000000e+02 2.060000000000000000e+02
6.220000000000000000e+02 2.060000000000000000e+02
6.280000000000000000e+02 2.060000000000000000e+02
6.340000000000000000e+02 2.060000000000000000e+02
6.510000000000000000e+02 2.100000000000000000e+02
6.570000000000000000e+02 2.100000000000000000e+02
6.620000000000000000e+02 2.100000000000000000e+02
6.680000000000000000e+02 2.100000000000000000e+02
6.850000000000000000e+02 2.140000000000000000e+02
6.910000000000000000e+02 2.180000000000000000e+02
6.970000000000000000e+02 2.180000000000000000e+02
7.020000000000000000e+02 2.180000000000000000e+02
7.080000000000000000e+02 2.180000000000000000e+02
7.140000000000000000e+02 2.180000000000000000e+02
7.200000000000000000e+02 2.180000000000000000e+02
7.370000000000000000e+02 2.210000000000000000e+02
7.420000000000000000e+02 2.210000000000000000e+02
7.480000000000000000e+02 2.210000000000000000e+02
7.540000000000000000e+02 2.210000000000000000e+02
7.600000000000000000e+02 2.210000000000000000e+02
7.650000000000000000e+02 2.210000000000000000e+02
7.710000000000000000e+02 2.210000000000000000e+02
7.770000000000000000e+02 2.210000000000000000e+02
7.820000000000000000e+02 2.210000000000000000e+02
7.880000000000000000e+02 2.210000000000000000e+02
7.940000000000000000e+02 2.210000000000000000e+02
8.000000000000000000e+02 2.210000000000000000e+02
8.050000000000000000e+02 2.210000000000000000e+02
8.110000000000000000e+02 2.210000000000000000e+02
8.170000000000000000e+02 2.210000000000000000e+02
8.220000000000000000e+02 2.210000000000000000e+02
8.280000000000000000e+02 2.210000000000000000e+02
8.340000000000000000e+02 2.210000000000000000e+02
8.400000000000000000e+02 2.210000000000000000e+02
8.450000000000000000e+02 2.210000000000000000e+02
8.620000000000000000e+02 2.250000000000000000e+02
8.680000000000000000e+02 2.250000000000000000e+02
8.740000000000000000e+02 2.250000000000000000e+02
8.800000000000000000e+02 2.250000000000000000e+02
8.850000000000000000e+02 2.250000000000000000e+02
8.910000000000000000e+02 2.250000000000000000e+02
8.970000000000000000e+02 2.250000000000000000e+02
9.080000000000000000e+02 2.290000000000000000e+02
9.200000000000000000e+02 2.330000000000000000e+02
9.200000000000000000e+02 2.370000000000000000e+02
9.250000000000000000e+02 2.450000000000000000e+02
9.250000000000000000e+02 2.490000000000000000e+02
9.250000000000000000e+02 2.530000000000000000e+02
9.250000000000000000e+02 2.560000000000000000e+02
9.250000000000000000e+02 2.600000000000000000e+02
9.250000000000000000e+02 2.640000000000000000e+02
9.250000000000000000e+02 2.680000000000000000e+02
9.200000000000000000e+02 2.800000000000000000e+02
9.200000000000000000e+02 2.840000000000000000e+02
9.140000000000000000e+02 2.910000000000000000e+02
9.140000000000000000e+02 2.950000000000000000e+02
9.080000000000000000e+02 3.030000000000000000e+02
9.080000000000000000e+02 3.070000000000000000e+02
9.020000000000000000e+02 3.110000000000000000e+02
8.970000000000000000e+02 3.150000000000000000e+02
8.850000000000000000e+02 3.190000000000000000e+02
8.800000000000000000e+02 3.230000000000000000e+02
8.680000000000000000e+02 3.270000000000000000e+02
8.620000000000000000e+02 3.270000000000000000e+02
8.510000000000000000e+02 3.300000000000000000e+02
8.450000000000000000e+02 3.300000000000000000e+02
8.340000000000000000e+02 3.340000000000000000e+02
8.280000000000000000e+02 3.340000000000000000e+02
8.220000000000000000e+02 3.340000000000000000e+02
8.110000000000000000e+02 3.380000000000000000e+02
8.050000000000000000e+02 3.380000000000000000e+02
8.000000000000000000e+02 3.380000000000000000e+02
7.940000000000000000e+02 3.380000000000000000e+02
7.880000000000000000e+02 3.380000000000000000e+02
7.820000000000000000e+02 3.380000000000000000e+02
7.770000000000000000e+02 3.380000000000000000e+02
7.710000000000000000e+02 3.380000000000000000e+02
7.650000000000000000e+02 3.380000000000000000e+02
7.600000000000000000e+02 3.380000000000000000e+02
7.480000000000000000e+02 3.340000000000000000e+02
7.370000000000000000e+02 3.300000000000000000e+02
7.250000000000000000e+02 3.270000000000000000e+02
7.140000000000000000e+02 3.230000000000000000e+02
7.080000000000000000e+02 3.230000000000000000e+02
6.970000000000000000e+02 3.190000000000000000e+02
6.850000000000000000e+02 3.150000000000000000e+02
6.740000000000000000e+02 3.110000000000000000e+02
6.680000000000000000e+02 3.110000000000000000e+02
6.620000000000000000e+02 3.110000000000000000e+02
6.450000000000000000e+02 3.070000000000000000e+02
6.400000000000000000e+02 3.070000000000000000e+02
6.340000000000000000e+02 3.070000000000000000e+02
6.280000000000000000e+02 3.070000000000000000e+02
6.110000000000000000e+02 3.110000000000000000e+02
6.050000000000000000e+02 3.110000000000000000e+02
6.000000000000000000e+02 3.110000000000000000e+02
5.940000000000000000e+02 3.110000000000000000e+02
5.880000000000000000e+02 3.110000000000000000e+02
5.820000000000000000e+02 3.110000000000000000e+02
5.770000000000000000e+02 3.110000000000000000e+02
5.710000000000000000e+02 3.110000000000000000e+02
5.540000000000000000e+02 3.070000000000000000e+02
5.480000000000000000e+02 3.030000000000000000e+02
5.420000000000000000e+02 2.990000000000000000e+02
5.310000000000000000e+02 2.950000000000000000e+02
5.250000000000000000e+02 2.910000000000000000e+02
5.200000000000000000e+02 2.880000000000000000e+02
5.140000000000000000e+02 2.840000000000000000e+02
5.080000000000000000e+02 2.800000000000000000e+02
4.970000000000000000e+02 2.760000000000000000e+02
4.910000000000000000e+02 2.720000000000000000e+02
4.850000000000000000e+02 2.680000000000000000e+02
4.800000000000000000e+02 2.680000000000000000e+02
4.680000000000000000e+02 2.640000000000000000e+02
4.620000000000000000e+02 2.600000000000000000e+02
4.510000000000000000e+02 2.560000000000000000e+02
4.450000000000000000e+02 2.530000000000000000e+02
4.400000000000000000e+02 2.490000000000000000e+02
4.280000000000000000e+02 2.450000000000000000e+02
4.170000000000000000e+02 2.410000000000000000e+02
4.050000000000000000e+02 2.370000000000000000e+02
3.940000000000000000e+02 2.330000000000000000e+02
3.820000000000000000e+02 2.290000000000000000e+02
3.770000000000000000e+02 2.210000000000000000e+02
3.820000000000000000e+02 2.140000000000000000e+02
3.880000000000000000e+02 2.100000000000000000e+02
3.940000000000000000e+02 2.060000000000000000e+02
4.050000000000000000e+02 2.020000000000000000e+02
4.110000000000000000e+02 2.020000000000000000e+02
4.170000000000000000e+02 2.020000000000000000e+02
4.280000000000000000e+02 1.980000000000000000e+02
